reads	unique_genes	unique_isoforms	unique_genes_known	unique_isoforms_known
50000	6902	12078	6866	9522
100000	8440	17755	8373	13066
150000	9273	22186	9188	15544
200000	9884	25786	9772	17375
250000	10384	29075	10251	18986
300000	10791	31997	10627	20309
350000	11089	34665	10915	21452
400000	11349	37099	11151	22444
450000	11585	39442	11365	23355
500000	11779	41633	11549	24204
550000	11967	43669	11719	24935
600000	12178	45726	11915	25662
650000	12320	47610	12042	26278
700000	12466	49443	12175	26874
750000	12609	51224	12300	27445
800000	12734	52913	12408	27939
850000	12869	54615	12531	28488
900000	12963	56197	12613	28932
950000	13065	57761	12705	29378
1000000	13164	59265	12791	29789
1050000	13255	60711	12876	30164
1100000	13345	62131	12957	30562
1150000	13428	63517	13028	30929
1200000	13518	64914	13101	31276
1250000	13610	66249	13177	31625
1300000	13670	67499	13229	31909
1350000	13734	68801	13284	32226
1400000	13813	70149	13353	32565
1450000	13898	71422	13423	32873
1500000	13963	72619	13481	33141
1550000	14044	73769	13551	33389
1600000	14106	74912	13597	33639
1650000	14167	76069	13649	33867
1700000	14229	77198	13703	34135
1750000	14291	78286	13753	34386
1800000	14348	79388	13800	34621
1850000	14395	80466	13839	34868
1900000	14447	81516	13881	35080
1950000	14504	82574	13926	35309
2000000	14562	83640	13976	35524
2050000	14610	84657	14018	35706
2100000	14669	85610	14063	35885
2150000	14722	86572	14105	36069
2200000	14770	87562	14139	36273
2250000	14803	88559	14165	36466
2300000	14837	89489	14191	36646
2350000	14896	90451	14233	36848
2400000	14946	91363	14275	37013
2450000	14988	92270	14306	37176
2500000	15033	93145	14343	37347
2550000	15077	94016	14381	37529
2600000	15129	94946	14424	37709
2650000	15166	95865	14451	37878
2700000	15204	96720	14481	38006
2750000	15244	97605	14514	38161
2800000	15283	98453	14548	38304
2850000	15320	99327	14576	38447
2900000	15366	100121	14612	38592
2950000	15414	100941	14649	38725
3000000	15457	101744	14684	38860
3050000	15495	102597	14712	39006
3100000	15537	103379	14750	39130
3150000	15570	104176	14776	39249
3200000	15605	104941	14804	39373
3250000	15641	105752	14829	39504
3300000	15671	106515	14850	39622
3350000	15713	107271	14881	39752
3400000	15736	107997	14900	39877
3450000	15762	108781	14917	39990
3500000	15809	109535	14946	40109
3550000	15849	110208	14980	40229
3600000	15873	110943	14998	40340
3650000	15905	111653	15022	40445
3700000	15936	112336	15046	40558
3750000	15962	113017	15068	40664
3800000	15986	113755	15084	40787
3850000	16023	114469	15113	40904
3900000	16055	115183	15139	41022
3950000	16079	115841	15159	41107
4000000	16106	116469	15180	41204
4050000	16128	117119	15197	41297
4100000	16150	117826	15217	41396
4150000	16177	118504	15239	41506
4200000	16200	119157	15259	41598
4250000	16222	119803	15275	41703
4300000	16254	120481	15295	41788
4350000	16272	121098	15308	41861
4400000	16301	121717	15332	41960
4450000	16325	122325	15351	42039
4500000	16359	122990	15377	42122
4550000	16387	123664	15400	42223
4600000	16412	124262	15414	42319
4650000	16454	124871	15453	42412
4700000	16479	125465	15473	42494
4750000	16501	126062	15487	42571
4800000	16529	126641	15509	42657
4850000	16555	127204	15530	42736
4900000	16573	127831	15544	42812
4950000	16600	128411	15567	42891
5000000	16630	129056	15584	42978
5050000	16652	129633	15601	43043
5100000	16667	130205	15612	43109
5150000	16680	130785	15620	43176
5200000	16705	131402	15639	43262
5250000	16731	131980	15654	43330
5300000	16754	132537	15674	43405
5350000	16768	133105	15687	43470
5400000	16788	133651	15700	43550
5450000	16803	134230	15714	43631
5500000	16823	134798	15729	43712
5550000	16836	135383	15738	43780
5600000	16855	135897	15753	43838
5650000	16876	136463	15767	43903
5700000	16904	137024	15788	43988
5750000	16927	137585	15805	44057
5800000	16947	138156	15818	44124
5850000	16967	138699	15829	44201
5900000	16981	139207	15837	44253
5950000	17001	139739	15854	44333
6000000	17015	140233	15863	44387
6050000	17037	140733	15877	44452
6100000	17050	141210	15886	44505
6150000	17065	141704	15896	44563
6200000	17090	142233	15913	44630
6250000	17109	142708	15925	44682
6300000	17142	143199	15949	44744
6350000	17166	143731	15971	44801
6400000	17188	144233	15984	44849
6450000	17200	144748	15993	44916
6500000	17224	145255	16007	44971
6550000	17239	145713	16016	45028
6600000	17254	146209	16027	45088
6650000	17279	146693	16040	45152
6700000	17297	147160	16054	45214
6750000	17318	147666	16069	45268
6800000	17335	148149	16079	45333
6850000	17355	148601	16093	45386
6900000	17374	149073	16106	45450
6950000	17385	149560	16115	45503
7000000	17400	150000	16123	45560
7050000	17414	150426	16131	45603
7100000	17437	150928	16147	45674
7150000	17455	151361	16162	45735
7200000	17470	151794	16170	45777
7250000	17483	152246	16179	45836
7300000	17498	152706	16193	45896
7350000	17520	153149	16206	45945
7400000	17533	153575	16217	45991
7450000	17544	153993	16223	46037
7500000	17557	154398	16231	46087
7550000	17566	154830	16237	46128
7600000	17585	155284	16252	46177
7650000	17594	155722	16254	46214
7700000	17610	156154	16263	46263
7750000	17623	156568	16274	46303
7800000	17635	156953	16280	46339
7850000	17647	157388	16290	46390
7900000	17660	157810	16300	46443
7950000	17673	158195	16309	46486
8000000	17690	158571	16318	46526
8050000	17706	158979	16326	46568
8100000	17717	159399	16332	46618
8150000	17734	159828	16341	46663
8200000	17740	160232	16345	46700
8250000	17754	160643	16355	46735
8300000	17766	161036	16362	46778
8350000	17781	161425	16375	46818
8400000	17789	161830	16378	46851
8450000	17803	162240	16388	46900
8500000	17817	162656	16400	46940
8550000	17832	163061	16409	46980
8600000	17842	163458	16417	47022
8650000	17854	163845	16424	47055
8700000	17872	164248	16435	47099
8750000	17885	164641	16446	47133
8800000	17905	165037	16460	47172
8850000	17914	165415	16466	47214
8900000	17928	165830	16478	47253
8950000	17942	166228	16485	47298
9000000	17954	166585	16494	47338
9050000	17965	166916	16502	47373
9100000	17981	167293	16512	47403
9150000	17993	167641	16518	47428
9200000	18011	168045	16531	47472
9250000	18021	168434	16539	47513
9300000	18033	168781	16548	47545
9350000	18042	169136	16552	47573
9400000	18061	169489	16561	47606
9450000	18071	169836	16567	47638
9500000	18084	170207	16577	47684
9550000	18096	170596	16586	47723
9600000	18101	170949	16589	47762
9650000	18108	171274	16596	47800
9700000	18119	171600	16605	47829
9750000	18133	171955	16614	47868
9800000	18144	172316	16621	47906
9850000	18155	172625	16627	47932
9900000	18164	172991	16634	47967
9950000	18175	173349	16642	48002
10000000	18187	173723	16649	48042
10050000	18199	174076	16658	48071
10100000	18215	174423	16670	48106
10150000	18234	174768	16682	48141
10200000	18251	175120	16694	48175
10250000	18268	175438	16703	48195
10300000	18277	175768	16709	48225
10350000	18285	176101	16716	48268
10400000	18299	176432	16724	48297
10450000	18315	176756	16732	48337
10500000	18324	177080	16736	48366
10550000	18331	177400	16741	48401
10600000	18344	177755	16749	48431
10650000	18360	178108	16758	48462
10700000	18366	178438	16761	48499
10750000	18376	178769	16767	48524
10800000	18389	179076	16774	48554
10850000	18394	179396	16777	48584
10900000	18412	179733	16791	48624
10950000	18430	180063	16801	48663
11000000	18439	180345	16807	48689
11050000	18454	180647	16814	48722
11100000	18462	180927	16819	48754
11150000	18464	181257	16821	48791
11200000	18476	181539	16829	48823
11250000	18489	181877	16840	48854
11300000	18502	182166	16848	48887
11350000	18508	182456	16852	48907
11400000	18514	182738	16855	48927
11450000	18528	183047	16862	48959
11500000	18537	183346	16868	48986
11550000	18551	183658	16879	49006
11600000	18567	183997	16891	49042
11650000	18576	184288	16896	49073
11700000	18580	184588	16900	49101
11750000	18590	184875	16907	49124
11800000	18597	185189	16912	49151
11850000	18611	185466	16919	49179
11900000	18624	185744	16928	49201
11950000	18638	186064	16938	49232
12000000	18648	186355	16945	49255
12050000	18659	186649	16948	49288
12100000	18671	186939	16956	49313
12150000	18680	187223	16962	49337
12200000	18691	187510	16969	49362
12250000	18699	187799	16974	49383
12300000	18711	188088	16980	49406
12350000	18720	188366	16985	49438
12400000	18733	188650	16993	49456
12450000	18748	188941	17002	49491
12500000	18759	189218	17011	49515
12550000	18768	189473	17017	49537
12600000	18784	189759	17029	49571
12650000	18791	190028	17033	49602
12700000	18802	190319	17037	49635
12750000	18817	190624	17048	49656
12800000	18834	190912	17060	49686
12850000	18836	191180	17060	49704
12900000	18847	191466	17068	49734
12950000	18852	191734	17071	49764
13000000	18860	191986	17076	49780
13050000	18863	192242	17077	49807
13100000	18869	192493	17081	49831
13150000	18874	192760	17085	49853
13200000	18883	193007	17092	49878
13250000	18893	193279	17094	49903
13300000	18902	193514	17101	49919
13350000	18910	193787	17106	49944
13400000	18917	194026	17108	49965
13450000	18925	194279	17114	49982
13500000	18937	194572	17124	50004
13550000	18945	194816	17129	50021
13600000	18957	195060	17134	50050
13650000	18965	195331	17139	50069
13700000	18971	195583	17143	50090
13750000	18978	195835	17148	50112
13800000	18983	196100	17148	50134
13850000	18993	196354	17156	50161
13900000	18998	196598	17159	50176
13950000	19009	196845	17168	50198
14000000	19012	197082	17169	50213
14050000	19021	197325	17175	50234
14100000	19028	197561	17180	50250
14150000	19039	197791	17183	50267
14200000	19047	198020	17190	50287
14250000	19060	198281	17201	50320
14300000	19066	198531	17202	50332
14350000	19070	198757	17204	50348
14400000	19079	198993	17210	50370
14450000	19088	199254	17215	50394
14500000	19094	199504	17218	50414
14550000	19100	199730	17220	50434
14600000	19108	199960	17227	50464
14650000	19116	200176	17232	50478
14700000	19124	200402	17239	50496
14750000	19134	200630	17248	50515
14800000	19140	200869	17253	50531
14850000	19148	201123	17256	50560
14900000	19159	201379	17263	50586
14950000	19171	201617	17272	50610
15000000	19178	201821	17276	50628
15050000	19185	202073	17279	50657
15100000	19194	202296	17285	50680
15150000	19202	202520	17290	50696
15200000	19208	202733	17291	50712
15250000	19215	202954	17297	50735
15300000	19219	203181	17298	50753
15350000	19229	203396	17308	50777
15400000	19237	203601	17313	50799
15450000	19245	203824	17320	50818
15500000	19256	204052	17327	50834
15550000	19269	204280	17335	50852
15600000	19272	204469	17337	50864
15650000	19278	204692	17341	50884
15700000	19285	204903	17346	50901
15750000	19292	205091	17350	50917
15800000	19302	205334	17353	50937
15850000	19309	205549	17356	50961
15900000	19317	205750	17364	50979
15950000	19325	205968	17369	50995
16000000	19329	206165	17372	51010
16050000	19337	206365	17380	51024
16100000	19344	206589	17382	51044
16150000	19356	206811	17392	51062
16200000	19366	207037	17399	51081
16250000	19371	207245	17403	51097
16300000	19377	207445	17407	51122
16350000	19385	207654	17413	51136
16400000	19393	207883	17418	51154
16450000	19401	208113	17423	51169
16500000	19406	208325	17427	51183
16550000	19411	208544	17431	51196
16600000	19415	208722	17433	51205
16650000	19422	208934	17437	51220
16700000	19437	209125	17445	51233
16750000	19443	209322	17448	51247
16800000	19453	209515	17451	51261
16850000	19462	209695	17457	51272
16900000	19469	209906	17462	51287
16950000	19474	210102	17463	51299
17000000	19485	210295	17468	51320
17050000	19488	210489	17470	51336
17100000	19492	210681	17472	51353
17150000	19501	210874	17477	51377
17200000	19507	211091	17480	51394
17250000	19510	211281	17482	51408
17300000	19516	211468	17486	51420
17350000	19520	211663	17487	51435
17400000	19526	211847	17490	51448
17450000	19533	212027	17493	51458
17500000	19542	212184	17499	51473
17550000	19546	212382	17502	51489
17600000	19553	212568	17506	51505
17650000	19559	212767	17508	51514
17700000	19564	212953	17510	51536
17750000	19569	213135	17513	51551
17800000	19573	213316	17516	51572
17850000	19578	213528	17518	51587
17900000	19583	213738	17520	51602
17950000	19589	213926	17523	51623
18000000	19596	214113	17525	51639
18050000	19602	214283	17528	51660
18100000	19608	214435	17533	51678
18150000	19616	214618	17540	51698
18200000	19620	214806	17544	51712
18250000	19628	214983	17548	51719
18300000	19631	215170	17549	51730
18350000	19637	215348	17554	51746
18400000	19646	215509	17558	51766
18450000	19651	215693	17563	51786
18500000	19657	215875	17567	51802
18550000	19662	216061	17569	51821
18600000	19667	216231	17573	51836
18650000	19676	216416	17579	51851
18700000	19677	216613	17579	51869
18750000	19686	216788	17586	51880
18800000	19688	216951	17588	51894
18850000	19696	217137	17593	51914
18900000	19698	217277	17594	51927
18950000	19700	217447	17596	51944
19000000	19704	217615	17598	51957
19050000	19711	217777	17601	51967
19100000	19718	217923	17607	51981
19150000	19724	218071	17611	51992
19200000	19725	218236	17612	51999
19250000	19733	218410	17616	52011
19300000	19738	218549	17620	52024
19350000	19743	218703	17623	52035
19400000	19747	218873	17627	52050
19450000	19749	219046	17629	52066
19500000	19756	219187	17632	52077
19550000	19766	219336	17639	52088
19600000	19773	219506	17642	52103
19650000	19777	219652	17644	52117
19700000	19787	219825	17651	52133
19750000	19791	219978	17652	52141
19800000	19794	220154	17654	52159
19850000	19800	220317	17657	52169
19900000	19806	220469	17661	52179
19950000	19811	220641	17664	52199
20000000	19813	220789	17665	52212
20050000	19818	220933	17668	52224
20100000	19821	221098	17670	52231
20150000	19827	221269	17673	52240
20200000	19831	221402	17676	52255
20250000	19836	221547	17680	52262
20300000	19844	221681	17685	52271
20350000	19846	221839	17686	52282
20400000	19852	221981	17688	52292
20450000	19858	222110	17692	52302
20500000	19861	222263	17695	52314
20550000	19865	222430	17698	52323
20600000	19866	222547	17698	52336
20650000	19874	222701	17705	52353
20700000	19876	222849	17706	52365
20750000	19879	222958	17707	52369
20800000	19884	223117	17709	52384
20850000	19890	223254	17714	52397
20900000	19894	223370	17715	52406
20950000	19896	223515	17717	52415
21000000	19902	223642	17722	52428
21050000	19908	223788	17724	52442
21100000	19916	223929	17729	52456
21150000	19924	224070	17734	52466
21200000	19926	224202	17734	52476
21250000	19927	224318	17735	52485
21300000	19932	224453	17738	52492
21350000	19937	224581	17743	52499
21400000	19938	224717	17743	52507
21450000	19945	224855	17748	52516
21500000	19947	225004	17750	52531
21550000	19950	225146	17752	52541
21600000	19953	225278	17755	52548
21650000	19958	225411	17758	52558
21700000	19959	225547	17758	52571
21750000	19967	225691	17763	52582
21800000	19971	225800	17765	52594
21850000	19977	225939	17768	52605
21900000	19981	226063	17769	52613
21950000	19985	226202	17772	52624
22000000	19987	226337	17774	52640
22050000	19989	226460	17775	52649
22100000	19993	226577	17778	52659
22150000	19999	226708	17781	52667
22200000	20002	226833	17781	52676
22250000	20003	226964	17782	52685
22300000	20009	227086	17783	52700
22350000	20014	227217	17786	52714
22400000	20015	227336	17787	52722
22450000	20019	227455	17788	52729
22500000	20021	227566	17790	52737
22550000	20023	227699	17792	52741
22600000	20029	227842	17796	52758
22650000	20032	227966	17797	52763
22700000	20034	228097	17799	52771
22750000	20037	228200	17800	52777
22800000	20039	228305	17801	52786
22850000	20042	228437	17803	52792
22900000	20046	228559	17804	52802
22950000	20049	228687	17805	52810
23000000	20055	228798	17806	52816
23050000	20059	228915	17808	52826
23100000	20063	229041	17810	52834
23150000	20064	229148	17811	52842
23200000	20066	229249	17813	52848
23250000	20070	229356	17814	52859
23300000	20074	229450	17816	52865
23350000	20077	229553	17818	52876
23400000	20082	229685	17821	52880
23450000	20085	229806	17824	52894
23500000	20085	229922	17824	52903
23550000	20090	230035	17827	52911
23600000	20093	230147	17829	52914
23650000	20097	230252	17830	52914
23700000	20101	230362	17833	52928
23750000	20105	230490	17836	52939
23800000	20109	230579	17839	52948
23850000	20112	230687	17840	52954
23900000	20115	230806	17842	52964
23950000	20118	230916	17843	52970
24000000	20121	231039	17845	52980
24050000	20121	231132	17845	52985
24100000	20129	231259	17849	52992
24150000	20135	231382	17853	53002
24200000	20137	231490	17853	53009
24250000	20140	231598	17856	53023
24300000	20145	231700	17859	53034
24350000	20147	231803	17860	53042
24400000	20150	231898	17861	53045
24450000	20153	231992	17863	53049
24500000	20158	232106	17866	53058
24550000	20159	232222	17867	53062
24600000	20161	232315	17868	53068
24650000	20166	232413	17870	53075
24700000	20171	232519	17874	53086
24750000	20176	232619	17877	53089
24800000	20176	232698	17877	53094
24850000	20182	232788	17880	53105
24900000	20187	232884	17883	53118
24950000	20190	232980	17885	53123
25000000	20191	233084	17886	53130
25050000	20195	233181	17889	53141
25100000	20199	233277	17891	53151
25150000	20200	233369	17892	53156
25200000	20204	233482	17895	53164
25250000	20206	233600	17895	53173
25300000	20213	233702	17899	53183
25350000	20217	233802	17902	53189
25400000	20217	233890	17902	53196
25450000	20223	233982	17907	53204
25500000	20229	234076	17910	53211
25550000	20234	234153	17911	53217
25600000	20235	234226	17912	53219
25650000	20236	234315	17912	53223
25700000	20240	234402	17915	53228
25750000	20240	234485	17915	53230
25800000	20243	234592	17916	53238
25850000	20246	234682	17918	53242
25900000	20247	234763	17919	53247
25950000	20251	234845	17922	53256
26000000	20255	234939	17922	53258
26050000	20258	235020	17922	53265
26100000	20260	235106	17924	53269
26150000	20265	235195	17927	53274
26200000	20268	235294	17929	53281
26250000	20273	235387	17931	53286
26300000	20277	235488	17932	53292
26350000	20279	235573	17933	53295
26400000	20279	235655	17933	53298
26450000	20281	235739	17935	53303
26500000	20282	235818	17936	53310
26550000	20285	235926	17938	53321
26600000	20287	236003	17939	53328
26650000	20291	236088	17942	53336
26700000	20292	236171	17943	53339
26750000	20292	236270	17943	53348
26800000	20295	236349	17944	53350
26850000	20299	236422	17947	53360
26900000	20305	236501	17950	53363
26950000	20307	236576	17950	53367
27000000	20308	236651	17951	53371
27050000	20308	236733	17951	53377
27100000	20313	236800	17953	53381
27150000	20316	236881	17955	53387
27200000	20316	236957	17955	53395
27250000	20317	237027	17956	53400
27300000	20319	237123	17958	53404
27350000	20319	237195	17958	53409
27400000	20324	237281	17962	53416
27450000	20324	237353	17962	53424
27500000	20326	237416	17962	53430
27550000	20327	237484	17963	53438
27600000	20328	237565	17964	53448
27650000	20328	237638	17964	53454
27700000	20330	237710	17966	53459
27750000	20334	237779	17969	53464
27800000	20336	237860	17970	53475
27850000	20338	237942	17972	53477
27900000	20341	238010	17972	53478
27950000	20342	238081	17972	53480
28000000	20342	238141	17972	53481
28050000	20343	238220	17973	53490
28100000	20344	238295	17974	53493
28150000	20348	238383	17976	53495
28200000	20348	238446	17976	53497
28250000	20349	238504	17977	53502
28300000	20356	238582	17979	53506
28350000	20358	238664	17981	53508
28400000	20362	238722	17983	53514
28450000	20365	238796	17986	53517
28500000	20367	238853	17986	53521
28550000	20369	238921	17988	53522
28600000	20371	238984	17989	53530
28650000	20375	239064	17991	53537
28700000	20376	239126	17992	53541
28750000	20380	239191	17994	53548
28800000	20382	239257	17996	53556
28850000	20384	239313	17997	53560
28900000	20385	239379	17997	53561
28950000	20386	239431	17998	53564
29000000	20387	239519	17999	53571
29050000	20388	239579	18000	53576
29100000	20388	239652	18000	53581
29150000	20389	239706	18000	53582
29200000	20391	239759	18001	53586
29250000	20391	239823	18001	53593
29300000	20397	239894	18005	53599
29350000	20400	239966	18006	53602
29400000	20400	240033	18006	53607
29450000	20401	240096	18006	53611
29500000	20403	240140	18006	53614
29550000	20405	240192	18006	53616
29600000	20407	240236	18007	53621
29650000	20410	240285	18009	53624
29700000	20411	240340	18010	53629
29750000	20412	240408	18011	53635
29800000	20415	240471	18013	53638
29850000	20419	240542	18016	53644
29900000	20419	240599	18016	53647
29950000	20420	240664	18016	53651
30000000	20421	240724	18017	53653
30050000	20423	240781	18019	53655
30100000	20425	240838	18019	53657
30150000	20427	240902	18020	53662
30200000	20427	240950	18020	53662
30250000	20427	241004	18020	53664
30300000	20427	241055	18020	53665
30350000	20427	241101	18020	53668
30400000	20429	241156	18021	53671
30450000	20434	241219	18025	53679
30500000	20437	241269	18025	53685
30550000	20437	241319	18025	53692
30600000	20438	241373	18025	53697
30650000	20442	241438	18029	53705
30700000	20445	241491	18030	53709
30750000	20446	241527	18030	53710
30800000	20449	241573	18032	53714
30850000	20452	241632	18034	53718
30900000	20454	241694	18035	53721
30950000	20456	241742	18036	53726
31000000	20457	241790	18037	53728
31050000	20458	241841	18037	53730
31100000	20463	241896	18041	53737
31150000	20464	241950	18041	53741
31200000	20465	241988	18042	53746
31250000	20466	242031	18043	53748
31300000	20469	242087	18044	53755
31350000	20471	242143	18045	53758
31400000	20474	242180	18047	53759
31450000	20476	242215	18048	53761
31500000	20477	242267	18049	53765
31550000	20480	242312	18052	53769
31600000	20481	242366	18053	53781
31650000	20482	242408	18054	53782
31700000	20485	242452	18055	53787
31750000	20485	242499	18055	53792
31800000	20486	242534	18055	53796
31850000	20486	242578	18055	53797
31900000	20488	242615	18056	53798
31950000	20489	242659	18057	53801
32000000	20489	242695	18057	53807
32050000	20489	242728	18057	53810
32100000	20490	242764	18058	53813
32150000	20492	242803	18060	53819
32200000	20493	242835	18061	53821
32250000	20494	242878	18062	53825
32300000	20496	242929	18064	53829
32350000	20499	242966	18065	53832
32400000	20500	243004	18066	53835
32450000	20500	243038	18066	53837
32500000	20502	243082	18067	53840
32550000	20502	243119	18067	53842
32600000	20503	243145	18068	53844
32650000	20503	243182	18068	53848
32700000	20504	243213	18068	53849
32750000	20505	243244	18068	53850
32800000	20507	243283	18070	53856
32850000	20507	243314	18070	53857
32900000	20508	243345	18071	53860
32950000	20509	243377	18072	53864
33000000	20512	243419	18075	53870
33050000	20512	243445	18075	53871
33100000	20514	243471	18076	53873
33150000	20515	243503	18077	53875
33200000	20515	243529	18077	53879
33250000	20515	243557	18077	53882
33300000	20515	243584	18077	53883
33350000	20515	243616	18077	53883
33400000	20517	243649	18077	53885
33450000	20518	243685	18077	53885
33500000	20521	243701	18078	53887
33550000	20522	243739	18079	53889
33600000	20523	243775	18080	53893
33650000	20525	243817	18081	53895
33700000	20525	243841	18081	53897
33750000	20526	243868	18082	53899
33800000	20527	243898	18083	53900
33850000	20528	243924	18083	53902
33900000	20528	243950	18083	53904
33950000	20529	243967	18083	53905
34000000	20529	243997	18083	53908
34050000	20529	244027	18083	53911
34100000	20529	244053	18083	53911
34150000	20530	244074	18084	53913
34200000	20532	244100	18084	53916
34250000	20532	244121	18084	53918
34300000	20532	244145	18084	53919
34350000	20532	244167	18084	53919
34400000	20533	244191	18085	53920
34450000	20533	244208	18085	53923
34500000	20536	244231	18087	53927
34550000	20536	244251	18087	53929
34600000	20537	244272	18088	53934
34650000	20538	244305	18089	53936
34700000	20541	244330	18090	53939
34750000	20541	244348	18090	53941
34800000	20542	244369	18091	53943
34850000	20542	244387	18091	53944
34900000	20544	244412	18092	53946
34950000	20544	244432	18092	53947
35000000	20545	244455	18092	53949
35050000	20545	244471	18092	53950
35100000	20545	244486	18092	53951
35150000	20545	244506	18092	53954
35200000	20545	244535	18092	53955
35250000	20546	244556	18092	53959
35300000	20548	244573	18092	53960
35350000	20549	244584	18093	53960
35400000	20549	244602	18093	53961
35450000	20549	244612	18093	53961
35500000	20550	244628	18093	53961
35550000	20550	244641	18093	53962
35600000	20550	244656	18093	53962
35650000	20550	244672	18093	53964
35700000	20551	244682	18093	53964
35750000	20554	244698	18093	53964
35800000	20555	244718	18094	53965
35850000	20555	244736	18094	53966
35900000	20556	244749	18094	53966
35950000	20556	244765	18094	53966
36000000	20556	244780	18094	53966
36050000	20557	244796	18095	53967
36100000	20557	244806	18095	53967
36150000	20557	244819	18095	53967
36200000	20557	244837	18095	53967
36250000	20557	244859	18095	53967
36300000	20557	244873	18095	53967
36350000	20557	244886	18095	53968
36400000	20558	244894	18096	53968
36450000	20558	244907	18096	53968
36500000	20558	244923	18096	53968
36550000	20558	244931	18096	53968
36600000	20559	244940	18096	53969
36650000	20559	244945	18096	53972
36700000	20559	244952	18096	53973
36750000	20559	244960	18096	53973
36800000	20559	244969	18096	53973
36850000	20559	244972	18096	53973
36900000	20559	244977	18096	53974
36950000	20559	244986	18096	53975
37000000	20559	244990	18096	53975
37050000	20560	244999	18096	53977
37100000	20560	245007	18096	53979
37150000	20560	245012	18096	53979
37200000	20560	245021	18096	53979
37250000	20561	245028	18097	53979
37300000	20561	245036	18097	53979
37350000	20561	245041	18097	53980
37400000	20562	245047	18097	53981
37450000	20562	245051	18097	53981
37500000	20562	245057	18097	53982
37550000	20562	245063	18097	53982
37600000	20562	245066	18097	53982
37650000	20562	245069	18097	53982
37700000	20562	245071	18097	53982
37750000	20562	245073	18097	53982
37800000	20562	245073	18097	53982
37850000	20562	245075	18097	53982
37900000	20562	245076	18097	53982
37950000	20562	245076	18097	53982
38000000	20562	245076	18097	53982
38050000	20562	245076	18097	53982
38100000	20562	245076	18097	53982
38112169	20562	245076	18097	53982
